%YAML:1.0
homography: !!opencv-matrix
   rows: 3
   cols: 3
   dt: d
   data: [ 1.4545454545454546e+00, 0., -1.4545454545454558e+02, 0.,
       1.1428571428571437e+00, -3.4285714285714505e+01, 0., 0., 1. ]
