%YAML:1.0
homography: !!opencv-matrix
   rows: 3
   cols: 3
   dt: d
   data: [ 1.2120959628392003e+00, 3.3952267866644036e-02,
       -5.2354397050365485e+01, -1.0060542714218250e-01,
       1.3078705528483716e+00, -1.4507302593902693e+02,
       -2.6457685639260606e-04, -3.6598777555094744e-05, 1. ]
